(10000, 298, 5036, 5049, 5063, 5078)
(10001, 501, 5079, 5064, 5050, 5037, 5024, 5009)
(10002, 439, 5040, 5055, 5069, 5083, 5097)
(10003, 171, 5012, 5019, 5018, 5025, 5031, 5037, 5042, 5049, 5063, 5078)
(10004, 86, 5038, 5051, 5058, 5066, 5074, 5082, 5095)
(10005, 430, 5059, 5058, 5051, 5038, 5025, 5010)
(10006, 180, 5058, 5051, 5038, 5025, 5010)
(10007, 441, 5088, 5082, 5067, 5060, 5061, 5055, 5040, 5029)
(10008, 445, 5028, 5020, 5027, 5039, 5053, 5067, 5082, 5088, 5096)
(10009, 381, 5051, 5038, 5025, 5010, 5002, 5001)
(10010, 118, 5092, 5079, 5064, 5050, 5043, 5044, 5045, 5039, 5027, 5020, 5013)
(10011, 454, 5037, 5043, 5051, 5058, 5066, 5074, 5082, 5088, 5096)
(10012, 434, 5058, 5051, 5038, 5025, 5010, 5002)
(10013, 477, 5028, 5020, 5027, 5039, 5053, 5059, 5066, 5073, 5072, 5071, 5078, 5091, 5098)
(10014, 229, 5035, 5041, 5042, 5043, 5051, 5065, 5080, 5087)
(10015, 572, 5090, 5077, 5062, 5048)
(10016, 236, 5036, 5042, 5043, 5051, 5065, 5080, 5087)
(10017, 375, 5068, 5054, 5046, 5039, 5033, 5032, 5031, 5024, 5016, 5008)
(10018, 268, 5012, 5027, 5039, 5053, 5067, 5075)
(10019, 87, 5048, 5035, 5022, 5007)
(10020, 398, 5008, 5023, 5036, 5049, 5063, 5078, 5091)
(10021, 445, 5054, 5068, 5076, 5083, 5097)
(10022, 436, 5014, 5021, 5020, 5027, 5039, 5053, 5067, 5082, 5088, 5096)
(10023, 41, 5007, 5022, 5030, 5036, 5049, 5063)
(10024, 539, 5052, 5066, 5081, 5094)
(10025, 57, 5081, 5073, 5072, 5071, 5063, 5049, 5041, 5035, 5022, 5007)
(10026, 22, 5009, 5024, 5037, 5050)
(10027, 296, 5013, 5020, 5027, 5039, 5053, 5067)
(10028, 105, 5049, 5041, 5035, 5022, 5007)
(10029, 376, 5032, 5038, 5051, 5058, 5066, 5074, 5082, 5095)
(10030, 566, 5051, 5038, 5025, 5010, 5002)
(10031, 122, 5007, 5022, 5030, 5036, 5042, 5043, 5051, 5065, 5080, 5087, 5094)
(10032, 9, 5037, 5050, 5064, 5071, 5078, 5091, 5098)
(10033, 448, 5081, 5073, 5072, 5071, 5063, 5049, 5041, 5035, 5022, 5007)
(10034, 323, 5086, 5079, 5071, 5063, 5049, 5041, 5035, 5022, 5015)
(10035, 430, 5058, 5051, 5038, 5025, 5010, 5002)
(10036, 268, 5092, 5079, 5064, 5050, 5043, 5038, 5025)
(10037, 246, 5027, 5039, 5053, 5059, 5066, 5073, 5072, 5071, 5070, 5077)
(10038, 383, 5010, 5025, 5038, 5051, 5065, 5072, 5071, 5070)
(10039, 546, 5055, 5047, 5046, 5039, 5027, 5019, 5018, 5010, 5002, 5001)
(10040, 400, 5103, 5102, 5094, 5081, 5073, 5072, 5064, 5050)
(10041, 52, 5049, 5063, 5071, 5072, 5080, 5087, 5094, 5102, 5103)
(10042, 559, 5066, 5058, 5051, 5038, 5025, 5010)
(10043, 86, 5028, 5020, 5027, 5039, 5053, 5067, 5082, 5088)
(10044, 245, 5055, 5069, 5083, 5097)
(10045, 365, 5089, 5088, 5082, 5067, 5059, 5058, 5051, 5038)
(10046, 255, 5086, 5079, 5064, 5050, 5043, 5038, 5025, 5010, 5003)
(10047, 367, 5094, 5081, 5066, 5052, 5045, 5039, 5027)
(10048, 474, 5068, 5054, 5046, 5039, 5033, 5032, 5025, 5010)
(10049, 94, 5079, 5064, 5050, 5043, 5044, 5045, 5039, 5027, 5020, 5013)
(10050, 87, 5011, 5019, 5020, 5021, 5029, 5040, 5055, 5069)
(10051, 312, 5102, 5094, 5081, 5073, 5072, 5071, 5063, 5049)
(10052, 166, 5036, 5049, 5063, 5078, 5085, 5092)
(10053, 129, 5062, 5056, 5049, 5042, 5043, 5044, 5045, 5039, 5027, 5012)
(10054, 186, 5049, 5041, 5035, 5022, 5015, 5008)
(10055, 104, 5026, 5033, 5039, 5053, 5067, 5075)
(10056, 307, 5025, 5038, 5051, 5058, 5066, 5074, 5082)
(10057, 232, 5014, 5021, 5020, 5027, 5039, 5045, 5052, 5066)
(10058, 148, 5098, 5090, 5077, 5062, 5048, 5035)
(10059, 467, 5054, 5046, 5045, 5044, 5038, 5031, 5024, 5016, 5015, 5007)
(10060, 440, 5068, 5061, 5055, 5040, 5029, 5014)
(10061, 441, 5050, 5042, 5041, 5035, 5022, 5007)
(10062, 75, 5050, 5042, 5041, 5035, 5022, 5007)
(10063, 298, 5067, 5059, 5058, 5051, 5038, 5025, 5010)
(10064, 111, 5081, 5074, 5067, 5060, 5061, 5055, 5040, 5029)
(10065, 420, 5022, 5035, 5048, 5062, 5077)
(10066, 126, 5063, 5049, 5041, 5035, 5022)
(10067, 257, 5035, 5048, 5062, 5077, 5090)
(10068, 432, 5052, 5066, 5074, 5082, 5088, 5089, 5097)
(10069, 71, 5065, 5072, 5071, 5063, 5049, 5041, 5035, 5022, 5007)
(10070, 63, 5096, 5088, 5082, 5067, 5060, 5054, 5046, 5039)
(10071, 252, 5065, 5051, 5038, 5025, 5010)
(10072, 174, 5065, 5051, 5038, 5025, 5010, 5003)
(10073, 85, 5088, 5082, 5067, 5059, 5058, 5051, 5038, 5031, 5024)
(10074, 258, 5052, 5066, 5074, 5082, 5088, 5089, 5097)
(10075, 62, 5077, 5070, 5063, 5049, 5042, 5043, 5038, 5025, 5010)
(10076, 378, 5065, 5051, 5038, 5025, 5010)
(10077, 519, 5050, 5064, 5072, 5080, 5087, 5094, 5102)
(10078, 494, 5035, 5041, 5049, 5063, 5071, 5072, 5080, 5087, 5094, 5102, 5103)
(10079, 497, 5065, 5051, 5038, 5025, 5018, 5019, 5020, 5021, 5014)
(10080, 236, 5077, 5062, 5048, 5035)
(10081, 360, 5051, 5065, 5080, 5087, 5094)
(10082, 512, 5036, 5049, 5063, 5078, 5091)
(10083, 273, 5050, 5064, 5072, 5080, 5087, 5094, 5102)
(10084, 335, 5048, 5062, 5077, 5084, 5085, 5092, 5100)
(10085, 321, 5059, 5058, 5051, 5038, 5025, 5010, 5002, 5001)
(10086, 430, 5090, 5084, 5085, 5079, 5064, 5050, 5043, 5038, 5025, 5018)
(10087, 431, 5049, 5063, 5071, 5072, 5073, 5074, 5082, 5088, 5089, 5097)
(10088, 523, 5039, 5053, 5067, 5082, 5088, 5089)
(10089, 188, 5062, 5048, 5035, 5022)
(10090, 317, 5037, 5043, 5051, 5065, 5080, 5093)
(10091, 396, 5039, 5053, 5067, 5082, 5088, 5089, 5097)
(10092, 424, 5013, 5020, 5019, 5018, 5025, 5031, 5037, 5042, 5049, 5063, 5070)
(10093, 305, 5038, 5051, 5058, 5066, 5074, 5082, 5088, 5096)
(10094, 489, 5048, 5056, 5063, 5078, 5085, 5092)
(10095, 140, 5062, 5048, 5035, 5022, 5007)
(10096, 279, 5092, 5079, 5064, 5050, 5043, 5038, 5025, 5010, 5003)
(10097, 187, 5063, 5049, 5042, 5043, 5044, 5045, 5039, 5027, 5020, 5013)
(10098, 60, 5021, 5020, 5027, 5039, 5053, 5059, 5066, 5081, 5087, 5093)
(10099, 145, 5022, 5030, 5036, 5049, 5063)
(10100, 203, 5075, 5067, 5059, 5058, 5065, 5072, 5071, 5063, 5049, 5041, 5035, 5022, 5007)
(10101, 412, 5088, 5082, 5067, 5059, 5066, 5073, 5072, 5071, 5063, 5049, 5041, 5035, 5030)
(10102, 331, 5088, 5082, 5067, 5059, 5058, 5051, 5038, 5031)
(10103, 495, 5012, 5027, 5039, 5053, 5060, 5061)
(10104, 510, 5007, 5022, 5035, 5048, 5062, 5077)
(10105, 446, 5065, 5051, 5038, 5025, 5010, 5002)
(10106, 45, 5040, 5055, 5061, 5060, 5067, 5082, 5095, 5102)
(10107, 319, 5050, 5042, 5041, 5035, 5022, 5007)
(10108, 297, 5049, 5063, 5071, 5072, 5080, 5087, 5094)
(10109, 311, 5054, 5068, 5076, 5083, 5097)
(10110, 319, 5102, 5094, 5081, 5066, 5058, 5051, 5038, 5025, 5010, 5002, 5001)
(10111, 261, 5088, 5082, 5067, 5059, 5058, 5051, 5038, 5031, 5024)
(10112, 542, 5100, 5092, 5079, 5064, 5050, 5037)
(10113, 21, 5050, 5042, 5041, 5035, 5022, 5007)
(10114, 11, 5046, 5053, 5067, 5082, 5088, 5096)
(10115, 425, 5023, 5036, 5049, 5063, 5078)
(10116, 303, 5069, 5055, 5040, 5029, 5021, 5013)
(10117, 170, 5095, 5082, 5067, 5060, 5054, 5046, 5039, 5033)
(10118, 430, 5096, 5088, 5082, 5067, 5060, 5054, 5046, 5039)
(10119, 165, 5050, 5037, 5024, 5009)
(10120, 401, 5068, 5061, 5055, 5040, 5029, 5021, 5013)
(10121, 318, 5038, 5051, 5058, 5066, 5074, 5082, 5088, 5089, 5097)
(10122, 472, 5100, 5099, 5098, 5090, 5077, 5062, 5048, 5035, 5022, 5007)
(10123, 83, 5038, 5051, 5058, 5066, 5074, 5082)
(10124, 314, 5055, 5040, 5029, 5021, 5020, 5019, 5018, 5010, 5002, 5001)
(10125, 32, 5038, 5051, 5065, 5072, 5079, 5092)
(10126, 164, 5063, 5049, 5041, 5035, 5030, 5023)
(10127, 57, 5003, 5010, 5025, 5031, 5037, 5042, 5049, 5063, 5078)
(10128, 130, 5036, 5049, 5063, 5071, 5072, 5080, 5087, 5094, 5102, 5103)
(10129, 435, 5052, 5066, 5074, 5082, 5088, 5089, 5097)
(10130, 295, 5037, 5043, 5051, 5058, 5066, 5074, 5082, 5088, 5089, 5097)
(10131, 37, 5066, 5058, 5051, 5038, 5031, 5024)
(10132, 406, 5025, 5038, 5051, 5065, 5080, 5093)
(10133, 311, 5054, 5046, 5039, 5027, 5012)
(10134, 264, 5022, 5035, 5048, 5062, 5077)
(10135, 95, 5038, 5051, 5065, 5080, 5087, 5094)
(10136, 463, 5013, 5020, 5019, 5018, 5025, 5031, 5037, 5042, 5049, 5063)
(10137, 57, 5028, 5020, 5019, 5018, 5025, 5031, 5037, 5042, 5049, 5063, 5070, 5077, 5090)
(10138, 200, 5027, 5039, 5053, 5067)
(10139, 378, 5062, 5056, 5049, 5042, 5043, 5038, 5025, 5018, 5019, 5012)
(10140, 488, 5067, 5059, 5066, 5073, 5072, 5071, 5063, 5049, 5041, 5035, 5022)
(10141, 548, 5035, 5041, 5049, 5063, 5078, 5085, 5092)
(10142, 162, 5007, 5022, 5035, 5048, 5062, 5077, 5090)
(10143, 420, 5089, 5088, 5082, 5067, 5059, 5058, 5051, 5038, 5025, 5010)
(10144, 75, 5020, 5027, 5039, 5053, 5067, 5082, 5088, 5096)
(10145, 223, 5100, 5092, 5079, 5064, 5050, 5043)
(10146, 74, 5051, 5038, 5031, 5024, 5016, 5015, 5007)
(10147, 432, 5038, 5051, 5058, 5066, 5074, 5082, 5088)
(10148, 363, 5010, 5025, 5038, 5051)
(10149, 312, 5069, 5055, 5047, 5046, 5045, 5044, 5038, 5031, 5024)
(10150, 405, 5051, 5038, 5025, 5010)
(10151, 397, 5036, 5049, 5063, 5078, 5091, 5098)
(10152, 405, 5013, 5020, 5027, 5039, 5053, 5059, 5066, 5081, 5087, 5086)
(10153, 499, 5038, 5051, 5058, 5066, 5074, 5082, 5095)
(10154, 35, 5009, 5017, 5018, 5019, 5027, 5039, 5053, 5060)
(10155, 501, 5008, 5023, 5036, 5042, 5043, 5051, 5065, 5080, 5087)
(10156, 559, 5062, 5056, 5049, 5042, 5043, 5038, 5025, 5010, 5003)
(10157, 68, 5009, 5024, 5037, 5050)
(10158, 19, 5079, 5064, 5050, 5043, 5044, 5045, 5039, 5027, 5020, 5013)
(10159, 325, 5077, 5070, 5063, 5049, 5042, 5043, 5044, 5045, 5039, 5027, 5020, 5021, 5014)
(10160, 549, 5019, 5018, 5025, 5031, 5037, 5042, 5049, 5063, 5078, 5091)
(10161, 186, 5009, 5017, 5025, 5038, 5051, 5058, 5066)
(10162, 340, 5040, 5055, 5069, 5083, 5097)
(10163, 523, 5099, 5098, 5090, 5077, 5062, 5048, 5035, 5030)
(10164, 104, 5049, 5041, 5035, 5022, 5007)
(10165, 44, 5050, 5037, 5024, 5016, 5008)
(10166, 236, 5097, 5089, 5088, 5082, 5067, 5059, 5058, 5051, 5038, 5025, 5010)
(10167, 55, 5027, 5039, 5053, 5059, 5066, 5073, 5072, 5071, 5070, 5077)
(10168, 306, 5053, 5067, 5082, 5088, 5089, 5097)
(10169, 497, 5088, 5082, 5067, 5060, 5054, 5046, 5039, 5027, 5019)
(10170, 434, 5058, 5051, 5038, 5031, 5024, 5016, 5008)
(10171, 504, 5026, 5033, 5039, 5053, 5060, 5068, 5076)
(10172, 382, 5035, 5041, 5049, 5063, 5071, 5072, 5080)
(10173, 491, 5027, 5039, 5053, 5059, 5066, 5073, 5072, 5071, 5070, 5077)
(10174, 543, 5071, 5063, 5049, 5041, 5035, 5022)
(10175, 34, 5037, 5043, 5051, 5065, 5080, 5093)
(10176, 65, 5086, 5079, 5071, 5063, 5049, 5041, 5035, 5030)
(10177, 351, 5007, 5022, 5030, 5036, 5042, 5043, 5051, 5058, 5066, 5074, 5082, 5088, 5089, 5097)
(10178, 330, 5013, 5020, 5027, 5039, 5053, 5060)
(10179, 284, 5059, 5058, 5051, 5038, 5025, 5010, 5002)
(10180, 113, 5048, 5035, 5022, 5007)
(10181, 575, 5094, 5081, 5073, 5072, 5071, 5063, 5049, 5041, 5035, 5022)
(10182, 268, 5077, 5070, 5071, 5064, 5050, 5043, 5038, 5025, 5010)
(10183, 59, 5020, 5027, 5039, 5053, 5067, 5082)
(10184, 467, 5081, 5073, 5072, 5071, 5063, 5049, 5041, 5035, 5022, 5007)
(10185, 51, 5036, 5049, 5063, 5078)
(10186, 290, 5053, 5067, 5082, 5088, 5089, 5097)
(10187, 158, 5025, 5038, 5051, 5065, 5080, 5087)
(10188, 494, 5007, 5022, 5030, 5036, 5049, 5063, 5078, 5085)
(10189, 568, 5051, 5058, 5066, 5074, 5082, 5088, 5096)
(10190, 245, 5038, 5051, 5058, 5066, 5074, 5082, 5088, 5089)
(10191, 486, 5054, 5060, 5067, 5082, 5088, 5089, 5097)
(10192, 9, 5086, 5079, 5064, 5050, 5043, 5038, 5025)
(10193, 171, 5054, 5046, 5039, 5027, 5012)
(10194, 188, 5022, 5030, 5036, 5042, 5043, 5051, 5058, 5066, 5074, 5082, 5088, 5089, 5097)
(10195, 180, 5098, 5090, 5077, 5062, 5048, 5035)
(10196, 287, 5028, 5020, 5027, 5039, 5053, 5067, 5082, 5088, 5089)
(10197, 56, 5049, 5063, 5071, 5072, 5080, 5087, 5094, 5102)
(10198, 418, 5053, 5067, 5082, 5088, 5089, 5097)
(10199, 206, 5009, 5024, 5037, 5043, 5051)
(10200, 408, 5065, 5051, 5044, 5045, 5039, 5027, 5012)
(10201, 336, 5049, 5041, 5035, 5022, 5015, 5008)
(10202, 398, 5069, 5055, 5040, 5029, 5014)
(10203, 509, 5048, 5035, 5022, 5007)
(10204, 362, 5077, 5070, 5063, 5049, 5042, 5037, 5024)
(10205, 542, 5097, 5083, 5069, 5055, 5040, 5029, 5014)
(10206, 573, 5092, 5079, 5064, 5050, 5043, 5044, 5045, 5039, 5027, 5020)
(10207, 142, 5062, 5048, 5035, 5022, 5007)
(10208, 340, 5104, 5103, 5102, 5094, 5081, 5073, 5072, 5071, 5063, 5049, 5041, 5035)
(10209, 492, 5065, 5051, 5038, 5025, 5010, 5002)
(10210, 195, 5048, 5056, 5063, 5071, 5072, 5073, 5074, 5082, 5088, 5089, 5097)
(10211, 437, 5023, 5036, 5049, 5063, 5071, 5072, 5073)
(10212, 209, 5049, 5063, 5071, 5072, 5080, 5087, 5094, 5102)
(10213, 378, 5062, 5048, 5035, 5022, 5007)
(10214, 42, 5014, 5029, 5040, 5055, 5069, 5076)
(10215, 57, 5055, 5069, 5083, 5097)
(10216, 473, 5062, 5056, 5049, 5042, 5043, 5044, 5045, 5039, 5027, 5020, 5013)
(10217, 32, 5022, 5030, 5036, 5042, 5043, 5051, 5058, 5066, 5074, 5075)
(10218, 248, 5055, 5040, 5029, 5021, 5020, 5019, 5018, 5010, 5002)
(10219, 171, 5010, 5025, 5032, 5033, 5039, 5053, 5067, 5082, 5088, 5096)
(10220, 437, 5021, 5020, 5027, 5039, 5053, 5059, 5066, 5073, 5072, 5071, 5078)
(10221, 263, 5051, 5038, 5031, 5024, 5016, 5008)
(10222, 410, 5103, 5102, 5094, 5081, 5073, 5072, 5071, 5063, 5049, 5041)
(10223, 425, 5048, 5062, 5077, 5084, 5085, 5092)
(10224, 239, 5024, 5037, 5043, 5051, 5058, 5066, 5074, 5075)
(10225, 10, 5091, 5078, 5063, 5049, 5041, 5035, 5022)
(10226, 522, 5012, 5027, 5039, 5053, 5059, 5066, 5073, 5080)
(10227, 232, 5081, 5073, 5072, 5071, 5063, 5049, 5041, 5035, 5022, 5007)
(10228, 319, 5021, 5020, 5027, 5039, 5053, 5067, 5082, 5095)
(10229, 556, 5094, 5081, 5066, 5052, 5045, 5039)
(10230, 48, 5082, 5067, 5060, 5054, 5046, 5039, 5027, 5020, 5013)
(10231, 41, 5012, 5027, 5039, 5053, 5059, 5066, 5081, 5087, 5093, 5100)
(10232, 173, 5103, 5102, 5101, 5100, 5099, 5098, 5090, 5077, 5062, 5048, 5035, 5030)
(10233, 490, 5036, 5042, 5043, 5051, 5058, 5066, 5074, 5082, 5088)
(10234, 524, 5050, 5037, 5024, 5016, 5008)
(10235, 513, 5104, 5103, 5102, 5094, 5081, 5073, 5072, 5071, 5063, 5049, 5041, 5035)
(10236, 349, 5014, 5021, 5020, 5019, 5018, 5025, 5031, 5037, 5042, 5049, 5063, 5070, 5077)
(10237, 162, 5049, 5063, 5071, 5072, 5080, 5087, 5094)
(10238, 470, 5037, 5043, 5051, 5065, 5080)
(10239, 70, 5009, 5017, 5018, 5019, 5027, 5039, 5053, 5067, 5082)
(10240, 352, 5013, 5020, 5027, 5039, 5053, 5059, 5066, 5073, 5072, 5071, 5078)
(10241, 27, 5027, 5039, 5053, 5059, 5066, 5081, 5087, 5093, 5100, 5099)
(10242, 351, 5024, 5037, 5043, 5051, 5058, 5066, 5074, 5082, 5088, 5096)
(10243, 579, 5035, 5041, 5049, 5063, 5071, 5072, 5073, 5074, 5082, 5088, 5096)
(10244, 111, 5090, 5077, 5070, 5063, 5049, 5042, 5037, 5024, 5009)
(10245, 129, 5079, 5064, 5050, 5043, 5038, 5025, 5018, 5019, 5020, 5021)
(10246, 249, 5023, 5036, 5042, 5043, 5051, 5058, 5066, 5074, 5075, 5076)
(10247, 162, 5011, 5019, 5027, 5039, 5053, 5067)
(10248, 566, 5039, 5053, 5067, 5082, 5095)
(10249, 475, 5065, 5051, 5038, 5025, 5010, 5002, 5001)
(10250, 16, 5037, 5050, 5064, 5071, 5078, 5091, 5098)
(10251, 219, 5053, 5067, 5082, 5088, 5089, 5097)
(10252, 476, 5010, 5025, 5038, 5051, 5065, 5080, 5087, 5094)
(10253, 408, 5054, 5046, 5039, 5027, 5020, 5013)
(10254, 376, 5036, 5042, 5043, 5051, 5058, 5066, 5074, 5082)
(10255, 52, 5028, 5020, 5027, 5039, 5053, 5067, 5082, 5088, 5089, 5097)
(10256, 121, 5028, 5020, 5019, 5018, 5025, 5031, 5037, 5042, 5049, 5063, 5070, 5077, 5090)
(10257, 352, 5026, 5033, 5039, 5053, 5059, 5066)
(10258, 35, 5021, 5020, 5027, 5039, 5053, 5059, 5058, 5065, 5072, 5071, 5070, 5077)
(10259, 139, 5049, 5041, 5035, 5030, 5023, 5008)
(10260, 525, 5022, 5030, 5036, 5042, 5043, 5051, 5058, 5066, 5074, 5082, 5088, 5096)
(10261, 70, 5094, 5081, 5074, 5067, 5060, 5061, 5055, 5040, 5029)
(10262, 509, 5088, 5082, 5067, 5059, 5058, 5051, 5038, 5031, 5024, 5016)
(10263, 67, 5050, 5064, 5072, 5080, 5087, 5094)
(10264, 402, 5023, 5036, 5049, 5063, 5078, 5085, 5092)
(10265, 25, 5020, 5027, 5039, 5053, 5059, 5066, 5073, 5080)
(10266, 41, 5086, 5079, 5064, 5050, 5043, 5044, 5045, 5039, 5027)
(10267, 351, 5053, 5067, 5082, 5088, 5096)
(10268, 239, 5009, 5017, 5018, 5019, 5027, 5039, 5053)
(10269, 524, 5039, 5053, 5059, 5066, 5081, 5087, 5093, 5100, 5099, 5098)
(10270, 173, 5008, 5023, 5036, 5042, 5043, 5051, 5058, 5066, 5074, 5082)
(10271, 257, 5032, 5038, 5051, 5058, 5066, 5074, 5082, 5088)
(10272, 64, 5091, 5078, 5063, 5049, 5042, 5037, 5024)
(10273, 464, 5062, 5056, 5049, 5042, 5043, 5038, 5025, 5018, 5019, 5020, 5013)
(10274, 420, 5055, 5069, 5083, 5097)
(10275, 184, 5071, 5063, 5049, 5041, 5035, 5022)
(10276, 208, 5040, 5055, 5061, 5060, 5059, 5066, 5081, 5087, 5093, 5100)
(10277, 526, 5048, 5035, 5022, 5007)
(10278, 187, 5048, 5062, 5077, 5090, 5098)
(10279, 281, 5088, 5082, 5067, 5060, 5054, 5046, 5039, 5033)
(10280, 240, 5023, 5036, 5049, 5063, 5078, 5085, 5092, 5100)
(10281, 501, 5101, 5100, 5099, 5091, 5078, 5063, 5049, 5041)
(10282, 266, 5035, 5048, 5062, 5077)
(10283, 413, 5023, 5036, 5042, 5043, 5051, 5058, 5066, 5074, 5082, 5088)
(10284, 446, 5032, 5038, 5051, 5065, 5072, 5071, 5078, 5091)
(10285, 485, 5014, 5021, 5020, 5027, 5039, 5053, 5059, 5066, 5073, 5072, 5071, 5078, 5091)
(10286, 339, 5083, 5069, 5055, 5040, 5029, 5021)
(10287, 410, 5020, 5027, 5039, 5053, 5059, 5066, 5081, 5087, 5093, 5100, 5099)
(10288, 433, 5049, 5063, 5071, 5072, 5073, 5074, 5082, 5088, 5089, 5097)
(10289, 48, 5023, 5036, 5049, 5063, 5070, 5077)
(10290, 288, 5068, 5061, 5055, 5040, 5029, 5014)
(10291, 420, 5068, 5054, 5046, 5039, 5027, 5019, 5018)
(10292, 356, 5055, 5069, 5083, 5097)
(10293, 240, 5049, 5041, 5035, 5030, 5023, 5008)
(10294, 252, 5051, 5058, 5066, 5074, 5082, 5088, 5089, 5097)
(10295, 75, 5081, 5066, 5058, 5051, 5038, 5025, 5010)
(10296, 240, 5013, 5020, 5019, 5018, 5025, 5038, 5051, 5065, 5080, 5093)
(10297, 429, 5022, 5030, 5036, 5042, 5043, 5051, 5058, 5066, 5074, 5082, 5095)
(10298, 16, 5054, 5068, 5076, 5083, 5097)
(10299, 223, 5053, 5067, 5082, 5088, 5089, 5097)
(10300, 171, 5095, 5082, 5067, 5060, 5054, 5046, 5039)
(10301, 465, 5081, 5066, 5058, 5051, 5038, 5025)
(10302, 222, 5039, 5053, 5067, 5082, 5088, 5096)
(10303, 444, 5021, 5020, 5027, 5039, 5053, 5067, 5082, 5088, 5096)
(10304, 89, 5012, 5027, 5039, 5053)
(10305, 235, 5095, 5082, 5067, 5060, 5061, 5055, 5040, 5034)
(10306, 434, 5049, 5041, 5035, 5022, 5015, 5008)
(10307, 241, 5104, 5103, 5102, 5101, 5100, 5099, 5091, 5078, 5063, 5049, 5041)
(10308, 203, 5018, 5025, 5038, 5051, 5065, 5080, 5093, 5100)
(10309, 272, 5026, 5033, 5039, 5053, 5067)
(10310, 30, 5050, 5042, 5041, 5035, 5022, 5007)
(10311, 169, 5025, 5031, 5037, 5042, 5049, 5063, 5078)
(10312, 54, 5055, 5069, 5083, 5097)
(10313, 404, 5064, 5050, 5043, 5038, 5025, 5010)
(10314, 416, 5039, 5053, 5067, 5082, 5088)
(10315, 242, 5058, 5051, 5038, 5031, 5024, 5016, 5015, 5007)
(10316, 540, 5032, 5038, 5051, 5058, 5066, 5074, 5082, 5095)
(10317, 179, 5082, 5067, 5060, 5054, 5046, 5039, 5027, 5020)
(10318, 515, 5081, 5066, 5058, 5051, 5038, 5025, 5010)
(10319, 244, 5049, 5063, 5071, 5072, 5080, 5087, 5094, 5102, 5103)
(10320, 348, 5066, 5052, 5045, 5039, 5027, 5020, 5013)
(10321, 581, 5090, 5077, 5062, 5048, 5035, 5022, 5015, 5008, 5001)
(10322, 29, 5102, 5094, 5081, 5066, 5058, 5051)
(10323, 365, 5011, 5019, 5027, 5039, 5053, 5067)
(10324, 75, 5020, 5019, 5018, 5025, 5031, 5037, 5042, 5049, 5063, 5078, 5091)
(10325, 17, 5048, 5062, 5077, 5084, 5085, 5086, 5087, 5094)
(10326, 353, 5062, 5048, 5035, 5022)
(10327, 78, 5048, 5035, 5022, 5007)
(10328, 357, 5037, 5043, 5051, 5065, 5080, 5087, 5094)
(10329, 36, 5096, 5088, 5082, 5067, 5060, 5054, 5046, 5039, 5027, 5019, 5011)
(10330, 506, 5067, 5060, 5061, 5055, 5040, 5029, 5014)
(10331, 432, 5032, 5038, 5051, 5058, 5066, 5074, 5082, 5088, 5096)
(10332, 313, 5012, 5027, 5039, 5053, 5067, 5082, 5095)
(10333, 383, 5091, 5078, 5063, 5049, 5042, 5043, 5044, 5045, 5039, 5027, 5012)
(10334, 322, 5069, 5055, 5047, 5046, 5039, 5033, 5032, 5025, 5010, 5002)
(10335, 142, 5069, 5055, 5040, 5029, 5021, 5020, 5019, 5018, 5010, 5002)
(10336, 222, 5049, 5041, 5035, 5022, 5007)
(10337, 410, 5013, 5020, 5027, 5039, 5053, 5059, 5066, 5081, 5087)
(10338, 82, 5052, 5066, 5074, 5082, 5095)
(10339, 9, 5021, 5020, 5027, 5039, 5053, 5067, 5082, 5088)
(10340, 570, 5050, 5037, 5024, 5016, 5008)
(10341, 380, 5064, 5050, 5037, 5024, 5016)
(10342, 42, 5021, 5020, 5019, 5018, 5025, 5031, 5037, 5042, 5049, 5063, 5070, 5077)
(10343, 437, 5048, 5035, 5022, 5007)
(10344, 33, 5088, 5082, 5067, 5059, 5058, 5051, 5038, 5031, 5024, 5016)
(10345, 156, 5054, 5046, 5039, 5027, 5012)
(10346, 286, 5063, 5049, 5041, 5035, 5022)
(10347, 128, 5062, 5056, 5049, 5042, 5043, 5038, 5025, 5018, 5019, 5020, 5013)
(10348, 570, 5097, 5089, 5088, 5082, 5067, 5059, 5058, 5051, 5038, 5025, 5010)
(10349, 52, 5058, 5051, 5038, 5025, 5010, 5003)
(10350, 374, 5092, 5079, 5064, 5050, 5043, 5038)
(10351, 274, 5081, 5066, 5058, 5051, 5038, 5031, 5024)
(10352, 501, 5103, 5102, 5101, 5100, 5099, 5098, 5090, 5077, 5062, 5048, 5035)
(10353, 332, 5096, 5088, 5082, 5067, 5060, 5054)
(10354, 411, 5055, 5047, 5046, 5039, 5033, 5032, 5031, 5024, 5016, 5015, 5007)
(10355, 26, 5013, 5020, 5027, 5039, 5053, 5067, 5082, 5095)
(10356, 253, 5055, 5069, 5083, 5097)
(10357, 355, 5007, 5022, 5030, 5036, 5042, 5043, 5051, 5065, 5080, 5087, 5094)
(10358, 135, 5038, 5051, 5065, 5072, 5071, 5078, 5091)
(10359, 50, 5062, 5056, 5049, 5042, 5043, 5038, 5025, 5010)
(10360, 85, 5081, 5073, 5072, 5071, 5063, 5049, 5041, 5035, 5022)
(10361, 580, 5097, 5083, 5069, 5055, 5047)
(10362, 445, 5065, 5051, 5038, 5025, 5018, 5019, 5012)
(10363, 391, 5054, 5046, 5039, 5027, 5012)
(10364, 433, 5031, 5037, 5042, 5049, 5063, 5070, 5077, 5090)
(10365, 54, 5039, 5053, 5067, 5082)
(10366, 457, 5027, 5039, 5053, 5067, 5082, 5095, 5102)
(10367, 122, 5028, 5020, 5027, 5039, 5053, 5067, 5082, 5088, 5089)
(10368, 471, 5010, 5018, 5019, 5027, 5039, 5053, 5060, 5068)
(10369, 502, 5071, 5063, 5049, 5041, 5035, 5022, 5015)
(10370, 536, 5093, 5087, 5081, 5066, 5058, 5051, 5038, 5025, 5010)
(10371, 58, 5055, 5047, 5046, 5045, 5044, 5038, 5031, 5024, 5016, 5015, 5007)
(10372, 412, 5086, 5079, 5064, 5050, 5043, 5038, 5025, 5018, 5019)
(10373, 363, 5092, 5079, 5064, 5050, 5043, 5038, 5025, 5010, 5003)
(10374, 502, 5096, 5088, 5082, 5067, 5059, 5058, 5051, 5038, 5025, 5010, 5002)
(10375, 8, 5086, 5079, 5071, 5063, 5049, 5041, 5035, 5022)
(10376, 116, 5048, 5035, 5022, 5007)
(10377, 361, 5035, 5041, 5049, 5063, 5071, 5072, 5080, 5087, 5094)
(10378, 274, 5051, 5038, 5025, 5010, 5002, 5001)
(10379, 274, 5102, 5094, 5081, 5066, 5058, 5051, 5038)
(10380, 429, 5039, 5053, 5067, 5082, 5095, 5102)
(10381, 543, 5067, 5059, 5058, 5051, 5038, 5031, 5024)
(10382, 421, 5025, 5038, 5051, 5065, 5080, 5087)
(10383, 293, 5037, 5050, 5064, 5079, 5092)
(10384, 379, 5067, 5060, 5054, 5046, 5039, 5027, 5019, 5011)
(10385, 548, 5032, 5038, 5051, 5065, 5080, 5087, 5094)
(10386, 522, 5023, 5036, 5042, 5043, 5051, 5058, 5066, 5074, 5082, 5088, 5089)
(10387, 285, 5066, 5052, 5045, 5039, 5027, 5020, 5013)
(10388, 185, 5097, 5083, 5069, 5055, 5040, 5029, 5021, 5013, 5005)
(10389, 407, 5058, 5051, 5038, 5031, 5024, 5016, 5015, 5007)
(10390, 160, 5081, 5066, 5052, 5045, 5039, 5033)
(10391, 447, 5067, 5060, 5054, 5046, 5039, 5027)
(10392, 218, 5097, 5089, 5088, 5082, 5067, 5059, 5058, 5051, 5038, 5031)
(10393, 443, 5012, 5027, 5039, 5053, 5059, 5058, 5065, 5072, 5071, 5078)
(10394, 529, 5020, 5027, 5039, 5053, 5067, 5082, 5088)
(10395, 291, 5054, 5068, 5076, 5083, 5097)
(10396, 461, 5066, 5052, 5045, 5039, 5027, 5020, 5013)
(10397, 558, 5083, 5069, 5055, 5040, 5029, 5021)
(10398, 204, 5088, 5082, 5067, 5060, 5054, 5046, 5039, 5027, 5020, 5013)
(10399, 145, 5055, 5040, 5029, 5014)
(10400, 124, 5077, 5070, 5063, 5049, 5042, 5043, 5044, 5045, 5039, 5027, 5020, 5013)
(10401, 481, 5053, 5067, 5082, 5088, 5089, 5097)
(10402, 102, 5032, 5038, 5051, 5058, 5066, 5074, 5082)
(10403, 87, 5050, 5042, 5041, 5035, 5022, 5007)
(10404, 161, 5049, 5041, 5035, 5030, 5023, 5008)
(10405, 144, 5009, 5017, 5018, 5019, 5027, 5039, 5053)
(10406, 302, 5051, 5058, 5066, 5074, 5082, 5088, 5089, 5097)
(10407, 475, 5065, 5051, 5038, 5025, 5010, 5002)
(10408, 440, 5058, 5051, 5038, 5025, 5010, 5002, 5001)
(10409, 99, 5049, 5063, 5071, 5072, 5080, 5087, 5094)
(10410, 259, 5051, 5038, 5025, 5010)
(10411, 465, 5036, 5049, 5063, 5078, 5085)
(10412, 457, 5051, 5065, 5080, 5093)
(10413, 573, 5049, 5041, 5035, 5030, 5023, 5008)
(10414, 539, 5039, 5045, 5052, 5058, 5065, 5080, 5093, 5100, 5099)
(10415, 380, 5083, 5069, 5055, 5040, 5034)
(10416, 510, 5054, 5060, 5067, 5082, 5088, 5089, 5097)
(10417, 73, 5037, 5043, 5051, 5058, 5066, 5074, 5082, 5088, 5089)
(10418, 337, 5090, 5077, 5070, 5063, 5049, 5042, 5043, 5038, 5025, 5018, 5019, 5020, 5028)
(10419, 187, 5051, 5038, 5025, 5010, 5002)
(10420, 152, 5011, 5019, 5027, 5039, 5053, 5067, 5075)
(10421, 345, 5100, 5092, 5079, 5064, 5050)
(10422, 381, 5055, 5069, 5083, 5097)
(10423, 181, 5089, 5088, 5082, 5067, 5059, 5058, 5051, 5038)
(10424,