(10000, 3, 5030, 5035, 5041, 5042, 5043, 5051, 5058, 5066, 5073, 5072, 5071, 5063, 5056, 5062, 5077, 5090, 5098, 5099, 5100, 5093, 5086, 5085)
(10001, 14, 5092, 5100, 5093, 5087, 5094, 5102, 5103, 5104, 5097, 5089, 5088, 5082, 5067, 5060, 5061, 5055, 5047, 5046, 5045, 5044, 5051, 5065, 5072, 5064, 5050, 5042, 5041, 5035, 5030, 5023, 5008, 5001)
(10002, 62, 5034, 5028, 5021, 5014, 5006, 5005, 5012, 5027, 5039, 5045, 5044, 5051, 5065, 5080, 5087, 5094, 5102, 5103, 5096, 5088, 5082, 5067, 5060, 5054, 5047, 5055, 5069, 5083, 5097)
(10003, 5, 5004, 5003, 5010, 5018, 5019, 5020, 5021, 5029, 5040, 5055, 5069, 5076, 5068, 5060, 5067, 5082, 5088, 5096, 5103, 5102, 5101, 5100, 5092, 5086, 5087, 5081, 5066, 5058, 5065, 5072, 5071, 5063, 5056, 5062, 5077, 5090, 5098, 5091)
(10004, 7, 5032, 5033, 5027, 5019, 5018, 5010, 5003, 5004, 5005, 5006, 5014, 5021, 5028, 5034, 5040, 5055, 5069, 5083, 5097, 5104, 5096, 5088, 5082, 5067, 5060, 5054, 5046, 5045, 5044, 5051, 5058, 5066, 5081, 5087, 5086, 5092, 5100, 5101, 5102)
(10005, 6, 5060, 5054, 5047, 5055, 5069, 5076, 5075, 5082, 5088, 5089, 5097, 5104, 5103, 5102, 5094, 5087, 5093, 5100, 5099, 5091, 5085, 5079, 5072, 5073, 5066, 5058, 5051, 5044, 5045, 5039, 5033, 5032, 5025, 5018, 5019, 5020, 5013, 5005, 5004, 5003)
(10006, 199, 5066, 5074, 5067, 5060, 5061, 5055, 5040, 5034, 5028, 5013, 5005, 5012, 5027, 5033, 5032, 5025, 5018, 5011, 5003)
(10007, 6, 5089, 5097, 5104, 5103, 5102, 5101, 5100, 5099, 5091, 5085, 5079, 5072, 5080, 5087, 5081, 5074, 5067, 5060, 5068, 5076, 5069, 5055, 5040, 5034, 5028, 5020, 5019, 5018, 5010, 5003, 5004, 5005, 5006, 5014)
(10008, 129, 5034, 5040, 5055, 5061, 5060, 5059, 5066, 5074, 5082, 5088, 5089, 5097, 5104)
(10009, 7, 5058, 5059, 5060, 5054, 5046, 5045, 5044, 5038, 5031, 5024, 5017, 5018, 5019, 5020, 5021, 5014, 5006, 5005, 5004, 5003, 5002, 5001)
(10010, 4, 5100, 5093, 5087, 5094, 5102, 5103, 5104, 5097, 5089, 5088, 5082, 5067, 5060, 5061, 5055, 5047, 5046, 5045, 5044, 5051, 5065, 5072, 5064, 5050, 5042, 5041, 5035, 5030, 5023, 5008, 5001, 5002, 5003, 5011, 5026, 5033, 5027, 5012, 5005)
(10011, 71, 5024, 5017, 5025, 5032, 5033, 5027, 5019, 5011, 5003, 5002, 5001, 5008, 5015, 5022, 5030, 5036, 5041, 5048, 5062, 5077, 5090, 5098, 5091, 5085, 5092, 5100, 5093, 5087, 5081, 5074, 5082, 5088, 5089, 5097, 5104)
(10012, 282, 5066, 5074, 5082, 5088, 5089, 5097, 5104, 5103, 5102, 5094, 5087, 5093, 5100, 5092, 5079, 5071, 5063, 5049, 5041, 5035, 5030, 5023, 5008, 5001)
(10013, 290, 5034, 5040, 5047, 5054, 5061, 5069, 5076, 5075, 5067, 5059, 5066, 5073, 5072, 5071, 5078, 5085, 5092, 5099, 5098)
(10014, 4, 5030, 5036, 5042, 5043, 5044, 5045, 5046, 5054, 5060, 5067, 5082, 5088, 5096, 5103, 5102, 5101, 5100, 5092, 5086, 5087)
(10015, 373, 5090, 5077, 5070, 5063, 5056, 5048)
(10016, 5, 5036, 5042, 5043, 5044, 5045, 5046, 5054, 5060, 5067, 5082, 5088, 5096, 5103, 5102, 5101, 5100, 5092, 5086, 5087)
(10017, 7, 5068, 5054, 5047, 5055, 5069, 5083, 5089, 5088, 5082, 5067, 5059, 5058, 5051, 5044, 5045, 5039, 5033, 5032, 5031, 5024, 5017, 5018, 5011, 5003, 5002, 5001)
(10018, 232, 5012, 5019, 5026, 5033, 5039, 5053, 5060, 5054, 5047, 5055, 5069, 5083, 5089, 5088, 5082, 5075)
(10019, 166, 5062, 5070, 5063, 5049, 5042, 5043, 5038, 5025, 5010, 5002, 5001, 5008, 5023, 5030, 5022, 5007)
(10020, 7, 5008, 5023, 5030, 5035, 5041, 5042, 5043, 5044, 5045, 5046, 5054, 5060, 5067, 5082, 5088, 5096, 5103, 5102, 5101, 5100, 5092, 5086, 5087, 5081, 5066, 5058, 5065, 5072, 5071, 5063, 5056, 5062, 5077, 5090, 5098)
(10021, 3, 5046, 5045, 5052, 5058, 5065, 5080, 5087, 5094, 5102, 5103, 5096, 5088, 5082, 5067, 5060, 5068, 5076, 5083, 5097)
(10022, 316, 5006, 5013, 5021, 5029, 5040, 5055, 5061, 5060, 5067, 5082, 5088, 5089, 5097, 5104)
(10023, 10, 5007, 5022, 5030, 5036, 5041, 5048, 5056, 5057, 5064, 5079, 5092, 5099, 5091, 5084, 5077, 5070)
(10024, 473, 5045, 5053, 5059, 5066, 5074, 5082, 5088, 5089, 5097, 5104, 5103, 5102)
(10025, 231, 5087, 5093, 5100, 5099, 5091, 5085, 5079, 5071, 5063, 5049, 5041, 5035, 5030, 5023, 5015, 5007)
(10026, 4, 5001, 5008, 5015, 5022, 5030, 5036, 5041, 5048, 5062, 5077, 5084, 5085, 5092, 5100, 5093, 5087, 5094, 5102, 5103, 5104, 5097, 5089, 5088, 5082, 5075, 5076, 5069, 5055, 5047, 5054, 5060, 5059, 5066, 5073, 5072, 5071, 5063, 5057)
(10027, 8, 5006, 5014, 5021, 5020, 5027, 5033, 5032, 5025, 5010, 5002, 5001, 5008, 5015, 5022, 5030, 5036, 5041, 5048, 5062, 5077, 5090, 5098, 5091, 5085, 5092, 5100, 5093, 5087, 5081, 5066, 5058, 5065, 5072, 5071, 5063, 5057, 5050, 5043, 5044, 5045, 5053, 5060, 5054, 5047, 5055, 5069, 5076, 5075)
(10028, 8, 5056, 5062, 5070, 5071, 5072, 5080, 5087, 5081, 5074, 5067, 5060, 5054, 5046, 5045, 5052, 5058, 5051, 5038, 5025, 5010, 5002, 5001, 5008, 5023, 5030, 5022, 5007)
(10029, 319, 5033, 5027, 5019, 5018, 5025, 5031, 5024, 5009, 5002, 5003, 5004, 5005, 5006, 5014, 5021, 5028, 5034, 5040, 5055, 5061, 5060, 5067, 5082, 5088, 5089, 5097, 5104, 5103)
(10030, 457, 5058, 5066, 5074, 5067, 5060, 5054, 5046, 5045, 5044, 5038, 5025, 5018, 5019, 5020, 5021, 5014, 5006, 5005, 5004, 5003, 5002)
(10031, 400, 5007, 5015, 5008, 5001, 5002, 5010, 5018, 5019, 5020, 5021, 5029, 5040, 5055, 5069, 5076, 5068, 5060, 5067, 5082, 5088, 5096, 5103, 5102)
(10032, 135, 5024, 5017, 5025, 5032, 5033, 5039, 5045, 5044, 5051, 5065, 5072, 5071, 5078, 5085, 5092, 5099, 5098)
(10033, 2, 5087, 5093, 5100, 5092, 5079, 5072, 5065, 5058, 5066, 5074, 5067, 5060, 5054, 5046, 5045, 5044, 5038, 5025, 5010, 5002, 5001, 5008, 5023, 5030, 5022, 5007)
(10034, 196, 5093, 5100, 5099, 5091, 5085, 5079, 5071, 5063, 5049, 5041, 5035, 5030, 5023)
(10035, 495, 5066, 5074, 5082, 5088, 5089, 5097, 5104, 5103, 5102, 5094, 5087, 5093, 5100, 5092, 5079, 5071, 5063, 5049, 5041, 5035, 5030, 5023, 5008, 5001)
(10036, 4, 5100, 5093, 5086, 5079, 5072, 5065, 5051, 5044, 5045, 5053, 5059, 5066, 5074, 5082, 5088, 5089, 5083, 5076, 5068, 5061, 5055, 5040, 5034, 5028, 5013, 5005, 5012, 5027, 5033, 5032, 5031, 5024, 5009, 5002, 5003, 5011, 5018)
(10037, 130, 5019, 5026, 5033, 5039, 5045, 5044, 5051, 5065, 5072, 5071, 5078, 5085, 5092, 5099, 5098, 5090)
(10038, 442, 5002, 5001, 5008, 5023, 5030, 5035, 5041, 5049, 5063, 5078, 5085, 5092, 5099, 5098, 5090, 5077)
(10039, 374, 5055, 5040, 5034, 5028, 5021, 5014, 5006, 5005, 5004, 5003, 5010, 5025, 5031, 5024, 5009, 5001)
(10040, 5, 5104, 5097, 5089, 5088, 5082, 5067, 5060, 5061, 5055, 5047, 5046, 5045, 5044, 5051, 5065, 5072, 5064, 5057, 5063, 5078, 5085, 5092, 5099, 5098, 5090, 5077, 5062, 5048, 5041, 5042)
(10041, 3, 5042, 5043, 5044, 5045, 5046, 5054, 5060, 5067, 5082, 5088, 5089, 5097, 5104)
(10042, 376, 5066, 5058, 5051, 5038, 5025, 5018, 5019, 5020, 5021, 5014, 5006, 5005, 5004, 5003)
(10043, 252, 5034, 5040, 5047, 5054, 5061, 5069, 5076, 5075, 5082, 5095, 5103, 5104, 5097, 5089)
(10044, 490, 5055, 5069, 5076, 5075, 5067, 5060, 5054, 5046, 5045, 5052, 5058, 5065, 5080, 5087, 5094, 5102, 5103, 5096, 5089, 5097)
(10045, 2, 5097, 5104, 5096, 5088, 5082, 5067, 5060, 5061, 5055, 5040, 5034, 5028, 5021, 5014, 5006, 5005, 5004, 5003, 5010, 5018, 5019, 5027, 5033, 5032)
(10046, 8, 5087, 5081, 5066, 5058, 5051, 5038, 5025, 5018, 5019, 5020, 5021, 5014, 5006, 5005, 5004)
(10047, 7, 5094, 5087, 5093, 5100, 5092, 5079, 5072, 5073, 5066, 5059, 5067, 5082, 5095, 5103, 5096, 5089, 5083, 5076, 5068, 5061, 5055, 5047, 5046, 5045, 5044, 5038, 5031, 5037, 5042, 5049, 5063, 5078, 5091, 5098, 5090, 5077, 5062, 5048, 5035, 5030, 5023, 5008, 5001, 5002, 5010, 5018, 5026, 5033, 5027)
(10048, 7, 5076, 5069, 5061, 5060, 5067, 5082, 5088, 5089, 5097, 5104, 5103, 5102, 5094, 5081, 5066, 5058, 5051, 5044, 5045, 5039, 5033, 5032, 5025, 5018, 5019, 5020, 5013, 5005, 5004, 5003)
(10049, 368, 5086, 5087, 5081, 5066, 5058, 5065, 5072, 5071, 5063, 5049, 5041, 5035, 5030, 5023, 5008, 5001, 5002, 5010, 5025, 5032, 5033, 5027, 5019, 5011, 5004, 5005)
(10050, 10, 5003, 5010, 5018, 5019, 5027, 5033, 5032, 5031, 5024, 5009, 5001, 5008, 5015, 5022, 5030, 5036, 5042, 5043, 5051, 5058, 5066, 5074, 5067, 5060, 5068, 5076)
(10051, 7, 5102, 5094, 5081, 5073, 5072, 5079, 5086, 5093, 5100, 5099, 5091, 5084, 5077, 5070, 5063, 5056, 5048, 5035, 5022, 5015, 5023, 5036)
(10052, 9, 5023, 5016, 5017, 5010, 5003, 5004, 5005, 5006, 5014, 5021, 5020, 5019, 5026, 5033, 5039, 5046, 5054, 5060, 5067, 5082, 5095, 5102, 5094, 5087, 5093, 5100)
